0 0.10859375 0.47734375 0.2015625 0.24531250000000002
4 0.06406250000000001 0.40078125000000003 0.07187500000000001 0.0859375
2 0.06640625 0.4453125 0.09531250000000001 0.065625
0 0.44609375 0.671875 0.5796875 0.6312500000000001
4 0.41718750000000004 0.415625 0.171875 0.125
0 0.58046875 0.46406250000000004 0.1421875 0.215625
4 0.5578125 0.384375 0.0625 0.040625
2 0.5484375 0.41640625000000003 0.084375 0.0484375
3 0.14609375 0.56640625 0.0484375 0.051562500000000004
3 0.6257812500000001 0.5453125 0.0390625 0.037500000000000006
