0 0.41250000000000003 0.4546875 0.1875 0.21875
4 0.36562500000000003 0.38046875 0.07187500000000001 0.0703125
2 0.37265625 0.4265625 0.0921875 0.07187500000000001
3 0.44609375 0.5359375000000001 0.045312500000000006 0.046875
0 0.7523437500000001 0.64609375 0.48281250000000003 0.6390625000000001
4 0.7742187500000001 0.38984375000000004 0.18281250000000002 0.1296875
0 0.91171875 0.42421875000000003 0.1390625 0.18906250000000002
4 0.87421875 0.34375 0.060937500000000006 0.03125
2 0.8703125 0.384375 0.053125000000000006 0.046875
3 0.9500000000000001 0.5109375 0.028125 0.018750000000000003
