0 0.215625 0.4765625 0.19062500000000002 0.24375000000000002
4 0.17109375000000002 0.39921875 0.0734375 0.0859375
4 0.16796875 0.3984375 0.0671875 0.084375
2 0.1703125 0.43593750000000003 0.09375 0.084375
3 0.24375000000000002 0.56484375 0.05 0.0546875
0 0.57421875 0.6828125 0.5578125 0.6312500000000001
4 0.5296875 0.4265625 0.178125 0.12187500000000001
0 0.68359375 0.45546875000000003 0.1421875 0.2265625
4 0.6507812500000001 0.35625 0.0546875 0.028125
2 0.6531250000000001 0.375 0.07187500000000001 0.037500000000000006
3 0.728125 0.54296875 0.034375 0.0390625
