0 0.16328125000000002 0.4734375 0.2015625 0.23750000000000002
4 0.1203125 0.39921875 0.07187500000000001 0.0859375
2 0.125 0.4390625 0.10312500000000001 0.07187500000000001
3 0.19843750000000002 0.56171875 0.05 0.0421875
0 0.496875 0.68125 0.553125 0.634375
4 0.4765625 0.421875 0.178125 0.11875000000000001
0 0.6375000000000001 0.45937500000000003 0.140625 0.215625
4 0.60859375 0.3609375 0.0578125 0.025
2 0.6039062500000001 0.39140625 0.0734375 0.045312500000000006
3 0.6765625000000001 0.5476562500000001 0.034375 0.0421875
