2 0.01171875 0.37343750000000003 0.0234375 0.065625
0 0.05390625 0.5140625 0.1046875 0.353125
3 0.041406250000000006 0.58046875 0.0703125 0.0578125
6 0.02890625 0.8773437500000001 0.051562500000000004 0.0578125
6 0.07578125000000001 0.8578125000000001 0.09531250000000001 0.034375
4 0.63984375 0.4140625 0.1765625 0.134375
0 0.63671875 0.6687500000000001 0.5265625 0.640625
2 0.75390625 0.39609375 0.0703125 0.051562500000000004
4 0.7679687500000001 0.35390625000000003 0.051562500000000004 0.0328125
0 0.78671875 0.446875 0.1234375 0.21250000000000002
3 0.8140625 0.53515625 0.040625 0.0328125
