0 0.13828125 0.47265625 0.21406250000000002 0.2890625
4 0.07109375 0.3640625 0.07968750000000001 0.05625
2 0.0734375 0.43359375 0.1 0.060937500000000006
3 0.134375 0.5703125 0.059375000000000004 0.05625
0 0.6312500000000001 0.50234375 0.16562500000000002 0.1703125
4 0.5953125 0.434375 0.0625 0.040625
2 0.58984375 0.484375 0.07968750000000001 0.053125000000000006
3 0.6843750000000001 0.56171875 0.040625 0.045312500000000006
6 0.046875 0.9437500000000001 0.07187500000000001 0.059375000000000004
6 0.18515625000000002 0.9343750000000001 0.0421875 0.025
