0 0.13359375 0.55390625 0.1796875 0.3921875
4 0.13515625 0.37031250000000004 0.0890625 0.028125
2 0.17343750000000002 0.43984375000000003 0.053125000000000006 0.0703125
3 0.18359375 0.6273437500000001 0.026562500000000003 0.035937500000000004
3 0.20625000000000002 0.6078125000000001 0.025 0.03125
6 0.1421875 0.946875 0.096875 0.028125
0 0.6312500000000001 0.5164062500000001 0.16875 0.1546875
4 0.59765625 0.465625 0.0703125 0.05
2 0.58359375 0.5078125 0.07968750000000001 0.05625
3 0.6937500000000001 0.57265625 0.046875 0.045312500000000006
