0 0.68515625 0.5453125 0.1296875 0.33125000000000004
4 0.6468750000000001 0.3921875 0.046875 0.03125
2 0.6507812500000001 0.43046875 0.0578125 0.026562500000000003
3 0.66171875 0.5 0.0484375 0.040625
6 0.72265625 0.6843750000000001 0.0578125 0.028125
0 0.8093750000000001 0.37734375000000003 0.1875 0.1796875
4 0.8304687500000001 0.3171875 0.0578125 0.046875
2 0.8234375 0.36015625 0.0625 0.0390625
3 0.76875 0.44453125000000004 0.034375 0.029687500000000002
3 0.8500000000000001 0.4453125 0.034375 0.037500000000000006
