0 0.3375 0.4609375 0.1875 0.23125
4 0.290625 0.38984375000000004 0.07187500000000001 0.0890625
2 0.29453125 0.4234375 0.0921875 0.07500000000000001
3 0.36640625000000004 0.5476562500000001 0.0484375 0.0421875
0 0.721875 0.6546875000000001 0.546875 0.609375
4 0.6843750000000001 0.40078125000000003 0.178125 0.1015625
0 0.81953125 0.43515625 0.1390625 0.2015625
4 0.7914062500000001 0.35468750000000004 0.060937500000000006 0.040625
2 0.7875000000000001 0.3921875 0.07187500000000001 0.053125000000000006
3 0.86875 0.52265625 0.03125 0.0234375
