0 0.041406250000000006 0.5328125 0.0765625 0.178125
3 0.013281250000000001 0.5953125 0.0234375 0.021875000000000002
0 0.5390625 0.51875 0.171875 0.178125
4 0.5234375 0.44843750000000004 0.06875 0.040625
2 0.5140625 0.49453125000000003 0.08125 0.0546875
3 0.60546875 0.571875 0.0421875 0.040625
0 0.8773437500000001 0.6117187500000001 0.2328125 0.6234375000000001
4 0.9617187500000001 0.32421875 0.0578125 0.06406250000000001
2 0.8992187500000001 0.4625 0.0734375 0.12812500000000002
3 0.7828125 0.9109375000000001 0.05 0.05
